
Handles  NPM(K)    PM(K)      WS(K) VM(M)   CPU(s)     Id ProcessName                                                  
-------  ------    -----      ----- -----   ------     -- -----------                                                  
    235      18     5984       1608   104     2.06   4536 AdobeARM                                                     
    221      19    31028       5412    92     6.69   1820 AnyDesk                                                      
    189      19    30556       1296   119     0.80   2168 AnyDesk                                                      
    139      11    16344      16452    53           10992 audiodg                                                      
   4409     467   313876     136064   804 4,942.41   1804 avp                                                          
    959     119   127352       2944   518    53.46   2476 avpui                                                        
    296      18   151540      82492   364     5.16    780 chrome                                                       
    170      14   110392       8252   292     4.02    948 chrome                                                       
    599      40   268908     134772   660 1,189.62   1504 chrome                                                       
    633      84   133836      36856   420   263.25   2276 chrome                                                       
    185       8    68968       2372   120     0.39   4348 chrome                                                       
    196      15   129916      30960   349     0.56   4440 chrome                                                       
    710      28   339420     214760   586   410.28   4820 chrome                                                       
   2011      79   246128     177968   773   805.68   5024 chrome                                                       
    208      16   133180      47908   357     1.53   5896 chrome                                                       
    194      15   133392      17596   349     2.11   6140 chrome                                                       
    195      15   129908      38892   341     0.45   6516 chrome                                                       
    203      16   111592       7264   331    62.20   6544 chrome                                                       
    626      21   169212      92060   360    11.87   6908 chrome                                                       
    191      15   129688      37548   341     0.62   7044 chrome                                                       
    429      19   153516      76968   357     6.88   7164 chrome                                                       
    214      16   137196      52064   343     1.15   7288 chrome                                                       
    294      19   230716     171532   419    17.47   7420 chrome                                                       
    192      15   129640      37892   341     0.67   8120 chrome                                                       
    340      18   156520      89088   363    17.63   8596 chrome                                                       
    297      18   166392      87400   371     3.20   9016 chrome                                                       
    322      18   237956     142784   418    19.05   9196 chrome                                                       
    200      16   129944      34260   365     0.90   9256 chrome                                                       
    221      16   132276      45168   341     1.31   9292 chrome                                                       
    459      19   185604     128184   432    50.36   9300 chrome                                                       
    242      16   131292      39676   342     0.72   9676 chrome                                                       
    223      15   131720      39676   342     0.58   9904 chrome                                                       
    223      16   131120      40776   342     0.76  10284 chrome                                                       
    294      18   162628      91652   364    57.28  10440 chrome                                                       
    116      12   113848      13704   285     0.22  10732 chrome                                                       
    399      21   297828     241020   481   234.08  11048 chrome                                                       
    292      19   250284     195388   376    55.99  11104 chrome                                                       
    228      16   131460      40224   342     0.69  11188 chrome                                                       
    443      34   128160      70672 -1340    56.46   1104 Code                                                         
    108      14    25172       5276   322     1.20   2012 Code                                                         
    223      18    12760      11184   337    43.06   3504 Code                                                         
    260      43    71580      10908   401    10.56   4328 Code                                                         
    229      22    63580       9228   419    14.04   5604 Code                                                         
    103      12    24308       2188   284     0.53   5944 Code                                                         
    649      38    41576      21400   573    60.03   7440 Code                                                         
    112      14    26728       2356   337     1.17   7464 Code                                                         
    280      33    42772      33552   621    47.10   8140 Code                                                         
    131      12     8920       1644   266     0.22   8448 Code                                                         
     87       9     8956        628    69     0.30   8312 CodeSetup-stable-7db1a2b88f7557e0a43fec75b6ba7e50b3e9f77e    
    192      19    24696       1280   116    17.86   3144 CodeSetup-stable-7db1a2b88f7557e0a43fec75b6ba7e50b3e9f77e.tmp
    297      28    11240       3100   180     0.42   3860 concentr                                                     
     32       4     1084        484    22     0.05   1364 conhost                                                      
     34       5     1464        320    43     0.00   5100 conhost                                                      
     61       7     2708       7180    58     0.34   9792 conhost                                                      
    867      13     2476       1868    48     3.23    484 csrss                                                        
   1540      33     3836      43100   120    33.73    564 csrss                                                        
    300      31    17692       6440   317    23.46   4968 CtxWebBrowser                                                
    300      32    34688       3716   367     0.67   5544 CtxWebBrowser                                                
     97       9     1668       1172    73     0.12   2636 DCSHelper                                                    
     58       6     1508       1004    41     0.05    840 DptfPolicyLpmServiceHelper                                   
    188      24    36768      48392   230   618.00   1664 dwm                                                          
     37       6     1140        552    55     0.25   4220 esif_assist                                                  
     97      10     1868        916    50     0.12   2400 esif_uf                                                      
   1187      80    90472      74432   437   140.46   1740 explorer                                                     
     94       8     2252        268    71     3.00   2584 HWDeviceService64                                            
      0       0        0         24     0               0 Idle                                                         
    126      10     2644       2804    44     0.25   1116 igfxCUIService                                               
    122      12     4444       3220    93     0.66   4576 igfxEM                                                       
     90       9     2856       1204    69     0.08   4676 igfxHK                                                       
     53       9     1308        364    62     0.11   3904 kpm_tray                                                     
    879      23     7108       7184    49    28.78    648 lsass                                                        
    213       7     3624       2236    19     2.84    660 lsm                                                          
    452      25    34284       3184   151    20.42   7636 McCHSvc                                                      
    129      45    22628       4812   115    13.17   3772 mspaint                                                      
    179      22     7372       2448   149     0.33   6864 MSTORDB                                                      
     69       7     1984       7076    72     0.12   7008 notepad                                                      
     69       7     1988       7272    72     0.70   8384 notepad                                                      
     69       7     2032        812    72     0.14  11036 notepad                                                      
    752     102    63860       4032   370   116.77    752 POWERPNT                                                     
    341      37    56796      58864   554     8.66   3276 powershell                                                   
    153      24    28148        996   505     0.92   1604 PresentationFontCache                                        
    315      25    13352      29176   142     3.71   8236 putty                                                        
    517      43    11492       7488   188   885.34   4172 Receiver                                                     
    103      12     2560       1300    70     1.47   2456 redirector                                                   
    685      71    57200       7068   710     6.91   9652 rzls                                                         
    343      29    11640       5908   894     1.37   1236 Screenleap                                                   
   1024      72    51668      21380   226    38.63   3768 SearchIndexer                                                
    609      52    36672      12024   457    32.23   6080 SelfService                                                  
    276      27    17136       6228   216     2.00   5652 SelfServicePlugin                                            
    277      14     8100       5596    43    10.61    612 services                                                     
     32       1      548        200     4     0.06    360 smss                                                         
     75       8     1996        688    52     0.16   4084 splwow64                                                     
    350      20     7108       3960    81     0.94   1520 spoolsv                                                      
    234      15     3904       2388    81     1.34   2176 SSScheduler                                                  
    154      24     7292       2432   117     1.36   1288 StikyNot                                                     
   1550      57    48008      30484   469   281.82    264 svchost                                                      
    407      14     5624       5048    50    85.78    772 svchost                                                      
    399      17     8136       6380    60    10.92    856 svchost                                                      
    618      26    21964      12096    88   159.09    932 svchost                                                      
    785      30   188776     172704   346   580.34    984 svchost                                                      
    443      24    10172       8880    92    38.81   1012 svchost                                                      
    580      51    35792      12416   403   113.43   1176 svchost                                                      
    417      37    20040       9240   122    22.20   1320 svchost                                                      
    153      11     4532       2024    85     0.22   1484 svchost                                                      
    402      55   131352      36432   421   763.14   2384 svchost                                                      
    137       9     2904       2404    38     0.92   3304 svchost                                                      
    263      24     6004       5052    68    20.89   4008 svchost                                                      
    101       9     2104       1492    47    39.76   4108 svchost                                                      
   1136       0      296       1500    11               4 System                                                       
     90       8     2108       6156    33     0.05   3800 taskeng                                                      
    316      30    13924       7592   401    55.93   1584 taskhost                                                     
    154      14     7404       7836   100     0.48   7204 taskhost                                                     
     87      13     2036       1392    46     2.06   3372 vmnat                                                        
     52       9     7464        528    34     0.06   3352 vmnetdhcp                                                    
    218      19     5112       2532    90   148.28   3408 vmware-authd                                                 
    349      36    41524       4208   168     6.47   3724 vmware-hostd                                                 
     90      18     3372        604    97     0.14   4684 vmware-tray                                                  
    139      13     3940       2092    59     0.23   3444 vmware-usbarbitrator64                                       
    256      30     6164       3508   138     0.83   5628 wfcrun32                                                     
     84      10     1712        324    44     0.22    540 wininit                                                      
    119       9     3472       2008    56     0.42    636 winlogon                                                     
    117       9     2284       1756    31     0.92   1356 wlanext                                                      
    451      31    12524      10696   151    28.27   1860 wmpnetwk                                                     
    232      22    10344       3996   125     1.81   4628 WSHelper                                                     
     97       9     2276       1660    74     0.09   6740 wuauclt                                                      
    302      16    25432       4760    90     2.50   4128 WUDFHost                                                     
    270      25    10188       6628   269    13.67   2392 zCefAgent                                                    
    634      39    16696      10412   317    23.37   4368 zCefAgent                                                    
    209      23    10984       3616   252     0.16   6708 zCefAgent                                                    
    249      30    19952       7320   297     2.07   7820 zCefAgent                                                    
    176      19     8136       2328   239     0.17   9308 zCefAgent                                                    
    270      26    54760       5576   353     1.62  11224 zCefAgent                                                    
    532     148   116808      13884   293     5.05   6920 Zoom                                                         
    607      63   142056      25100   325    47.89   8212 Zoom                                                         


